$ANSIBLE_VAULT;1.1;AES256
64316338306234663261656232636361353030623038383634616635623438636637323834396339
6531636636353833336131613563373535366565333061330a626338383238396137663739643238
30633163333530356261613332373761306563396338646434383536633231313539303931373938
3937663433623430620a376539666665316632663935336562376262653530663232613931303762
66373235326335626230666164383032303230623264653932613162353931386637313666383062
33653961376132333638613861303030376266323532383266383535313161663935343861313963
32643232666561336264653736323164393432613339383464393134336633303161323866623532
61323734663839323562366538353438303961306532373239336664623166306365653663643333
33613662623935383561623234666362656461613739653062663861306134393561653336663737
37366436613837633839366565616639626638316433623236623530653730383538623932366435
30663561646537646661386135613534373535653566616139336338613236303632653731333464
38626265633333363366623236336131356361323364353231393238643864363435363930613965
35326564313264633430623435313231656264643639646639646265646264666264383466326466
39333333363261666465666666356166343433306162643236323232656136613663626563623935
31383538323230653566663732346332306534313063343533393534323231626464656462353030
36353539386165633863303636656636376634633765336661666330646438303737336332353739
31383136643534666231303432333962376261666234633735623835623965373935346634623831
63313531613062353864303632353666643332616137353230356539623531376537343039393339
32376439386633653730316366383765383635386566623461666436623639356265363538633761
65636661613965316637663663306634323666633962636639623937323962626630373365386662
33633331663466633432333236346561613336643233646463333637666331313365373963643063
37313466396465346638393664353932626435656462396430623230303534376635653563336332
63376337323033613031653835613462313764383033633138396161376362623436353262326130
37613865306338313332326439623736366535366535363062663161353636386234313666373030
38653063633866613735373734333964303566643432636533323630646532343137313735373037
64306635346133326530653965363830656437363465376235666337323161663237353531363263
35333335656138636539303535323731343139393664636539663832336138633435306435653862
61316431346631313237
