$ANSIBLE_VAULT;1.1;AES256
62353537363836336538376531663337393232383939333861666537366464383565396139656239
6536616561323331336662303561306464353337343237650a306631336133386435353663313366
62326331666666356135303031616338343637306665323534636564363366666139323065323038
6166366134623634630a313335373833313233313066303633656162646663303437653062356239
33306134373433303735643066623837313361663965333463333536626130346231616563663731
34316136626361376335393830386530653833333439643631386332373264663238356364633537
30323063373734383630393532616564376335336633653034666261333562346265303035633964
62383031316663356631636431653334306463646666346139353532323730376634333363633236
33626237323833646363343566663965326164643162613635623534633636633061386162323435
36653436383431323635613631666132656431623234656634363962656139343066353436653635
33316361666232643063353936633537386462313033346130393062363439316266303262633038
30613432313166363231313361363161663661313830653362393865663061373239333734633930
38353166313936643032643535326436646230383335666432353235356235643861326335633435
64616139656535653263616439346633623036396561633563323061313830363939313962616135
32316630323762663935656139613639616439613636386161353534623433366461666162386635
36623063363430376633633730663062396130393265366265346436306362633338663831313736
66343336336462333532353836373130663966366437363636383964613066303164336132383035
38663336656566306334393333636262393837373661666466623338663634363232623532616162
65313332386366643464386433393664353963303632643031613262616233396437666563396330
66653865613034636430643937356461636238623663313332303138336366376534363661383166
39353261383838613564633031633938643461376432373964343764616437376232643232653736
65396631663663613031636634346532393834313866386535623261623935386536366437393061
38343864363732653861633733656566616164633965353330343663633562646537373838333431
31376265346236313030373731313232313766383233393134303164323865353763306565633034
66343036636131616664343836393061386664613863336638633863633831346338653766316366
33376465313132343137346235636234656133333739646461663162353539643963653137663739
66333738653233653863313662316438363162323865313034373565366339323238336431303333
38313763623039383235
